pressure
1016.50000000000
1016.50000000000
1016.80000000000
1017
1016.80000000000
1016.90000000000
1016.80000000000
1017.30000000000
1017.70000000000
1017.70000000000
1018
1018.50000000000
1018.90000000000
1019.10000000000
1020.30000000000
1020
1019.70000000000
1020.50000000000
1020.40000000000
1021.10000000000
1021.90000000000
1022
1022.90000000000
1023.30000000000
1023.70000000000
1023.60000000000
1024.10000000000
1024.30000000000
1023.70000000000
1023.40000000000
1023.60000000000
1024.40000000000
1024.90000000000
1025
1025.10000000000
1025.20000000000
1025.30000000000
1025.10000000000
1025.20000000000
1025
1024.40000000000
1024.40000000000
1023.60000000000
1024.10000000000
1024.30000000000
1024.80000000000
1025.20000000000
1024.70000000000
1024.90000000000
1024.50000000000
1024.90000000000
1024.80000000000
1023.70000000000
1023.60000000000
1023.70000000000
1023.70000000000
1023.60000000000
1023.70000000000
1023.80000000000
1023.40000000000
1022.90000000000
1022.50000000000
1022.50000000000
1021.60000000000
1021
1021
1020
1020.50000000000
1020.20000000000
1020.30000000000
1020.90000000000
1020.80000000000
1020.20000000000
1019.70000000000
1020
1020.20000000000
1019.30000000000
1019.30000000000
1019.10000000000
1019.20000000000
1019.30000000000
1019.10000000000
1019.80000000000
1019.60000000000
1019.20000000000
1019
1018.70000000000
1019.20000000000
1018.20000000000
1018
1017.70000000000
1017.40000000000
1018.10000000000
1018.40000000000
1019.10000000000
1018.70000000000
1018.90000000000
1019.10000000000
1018.60000000000
1018.90000000000
1018.80000000000
1018.30000000000
1018.40000000000
1018.70000000000
1019.20000000000
1019.10000000000
1019.30000000000
1019.40000000000
1018.70000000000
1018.60000000000
1019.70000000000
1019.60000000000
1019.40000000000
1019.80000000000
1019.80000000000
1020.50000000000
1021.60000000000
1022.20000000000
1023.70000000000
1024.10000000000
1024.80000000000
1025
1025.70000000000
1026.20000000000
1025.70000000000
1026.40000000000
1026.20000000000
1025.80000000000
1026.50000000000
1026.50000000000
1027
1026.70000000000
1026.10000000000
1025.70000000000
1026
1025.50000000000
1025.40000000000
1025.40000000000
1024.40000000000
1024.70000000000
1025.20000000000
1025.30000000000
1025.80000000000
1025.90000000000
1026
1025.30000000000
1025.20000000000
1025.60000000000
1024.90000000000
1024.70000000000
1024.80000000000
1024.60000000000
1024.40000000000
1024.70000000000
1025
1023.80000000000
1023.20000000000
1023
1021.20000000000
1020.80000000000
1019.90000000000
1019.70000000000
1019
1019.10000000000
1020
1019.60000000000
1020.30000000000
1019.80000000000
1019.70000000000
1020
1019.70000000000
1019.50000000000
1018.60000000000
1018
1017.80000000000
1017.60000000000
1018.20000000000
1017.60000000000
1017.80000000000
1017.80000000000
1017.50000000000
1016.60000000000
1016.50000000000
1016
1015
1015.70000000000
1014.50000000000
1014
1015.20000000000
1015.40000000000
1015.50000000000
1016.10000000000
1016.10000000000
1015.70000000000
1015.70000000000
1016.50000000000
1015.50000000000
1015
1015.30000000000
1015.10000000000
1015.30000000000
1015.40000000000
1015.80000000000
1015
1015.50000000000
1014.90000000000
1015.10000000000
1014.90000000000
1014.20000000000
1014.30000000000
1013.90000000000
1014.60000000000
1015.50000000000
1015.70000000000
1016.40000000000
1016.20000000000
1016.50000000000
1015.90000000000
1016
1016.20000000000
1016.20000000000
1016.30000000000
1016.10000000000
1016.10000000000
1016.30000000000
1016.20000000000
1016.40000000000
1016.30000000000
1015.70000000000
1015.50000000000
1015
1014.90000000000
1014.50000000000
1014.40000000000
1013.60000000000
1013.90000000000
1013.60000000000
1014.30000000000
1014.30000000000
1013.70000000000
1013.70000000000
1013.90000000000
1013.60000000000
1012.80000000000
1013
1012.90000000000
1012.30000000000
1012.50000000000
1012.40000000000
1012.30000000000
1011.70000000000
1010.90000000000
1010.90000000000
1010.30000000000
1010
1009.30000000000
1008.60000000000
1008.40000000000
1007.60000000000
1007.60000000000
1006.90000000000
1007.20000000000
1007.70000000000
1007.30000000000
1007.20000000000
1006.60000000000
1007
1006.90000000000
1006.90000000000
1006.30000000000
1006.30000000000
1006.50000000000
1006.30000000000
1006.20000000000
1006.20000000000
1005.80000000000
1005.40000000000
1005.20000000000
1004.90000000000
1004.20000000000
1003.20000000000
1003.10000000000
1002
1002
1001.60000000000
1000.90000000000
1000.50000000000
999.800000000000
999.600000000000
1000
1001.30000000000
1002.20000000000
1002.90000000000
1003.40000000000
1003.80000000000
1003.90000000000
1003.70000000000
1004.20000000000
1003.60000000000
1003.20000000000
1003
1002
1001.90000000000
1000.70000000000
1000.10000000000
1000.20000000000
999.400000000000
998.700000000000
997.500000000000
997.300000000000
997.100000000000
996.200000000000
995.600000000000
996.300000000000
996.500000000000
996.800000000000
996.900000000000
996.900000000000
996.800000000000
996.200000000000
995.300000000000
995.500000000000
995.500000000000
996.200000000000
996.900000000000
996.400000000000
996.500000000000
997.400000000000
998
998.400000000000
997.900000000000
998.200000000000
998.200000000000
997.400000000000
997.700000000000
997.400000000000
997.500000000000
996.600000000000
995.100000000000
995.800000000000
996.500000000000
996.600000000000
997.400000000000
997.900000000000
998.300000000000
998.900000000000
999.500000000000
1000
1000.30000000000
999.900000000000
1000
1000.70000000000
1001
1000.70000000000
1000.60000000000
1001.10000000000
1001.30000000000
1001.80000000000
1002.30000000000
1001.60000000000