rrmagx	magy	magz
1148666576	1129025163	1103856927
1148666860	1129015520	1103856927
1148666924	1129013346	1103856927
1148667252	1129002209	1103856927
1148667240	1129002617	1103851684
1148667016	1129010223	1103851684
1148667108	1129007099	1103856927
1148667388	1128997592	1103851684
1148667324	1128999765	1103856927
1148667060	1129008729	1103851684
1148667336	1128999357	1103851684
1148666776	1129018372	1103856927
1148666768	1129018643	1103856927
1148667352	1128998814	1103856927
1148667204	1129003839	1103856927
1148667196	1129004111	1103851684
1148666468	1129028830	1103856927
1148666904	1129014026	1103856927
1148666876	1129014976	1103856927
1148667472	1128994740	1103851684
1148666624	1129023533	1103856927
1148667272	1129001530	1103856927
1148667504	1128993653	1103856927
1148667052	1129009000	1103856927
1148666952	1129012396	1103856927
1148666848	1129015927	1103856927
1148667084	1129007914	1103856927
1148667128	1129006420	1103856927
1148666780	1129018236	1103856927
1148667388	1128997592	1103856927
1148667044	1129009272	1103856927
1148666912	1129013754	1103856927
1148666928	1129013211	1103856927
1148666616	1129023805	1103856927
1148666664	1129022175	1103856927
1148667072	1129008321	1103856927
1148667032	1129009679	1103856927
1148667284	1129001123	1103856927
1148667544	1128992295	1103856927
1148666736	1129019730	1103851684
1148666976	1129011581	1103856927
rmagx	magy	magz
1148666576	1129025163	1103856927
1148666860	1129015520	1103856927
1148666924	1129013346	1103856927
1148667252	1129002209	1103856927
1148667240	1129002617	1103851684
1148667016	1129010223	1103851684
1148667108	1129007099	1103856927
1148667388	1128997592	1103851684
1148667324	1128999765	1103856927
1148667060	1129008729	1103851684
1148667336	1128999357	1103851684
1148666776	1129018372	1103856927
1148666768	1129018643	1103856927
1148667352	1128998814	1103856927
1148667204	1129003839	1103856927
1148667196	1129004111	1103851684
1148666468	1129028830	1103856927
1148666904	1129014026	1103856927
1148666876	1129014976	1103856927
1148667472	1128994740	1103851684
1148666624	1129023533	1103856927
1148667272	1129001530	1103856927
1148667504	1128993653	1103856927
1148667052	1129009000	1103856927
1148666952	1129012396	1103856927
1148666848	1129015927	1103856927
1148667084	1129007914	1103856927
1148667128	1129006420	1103856927
1148666780	1129018236	1103856927
1148667388	1128997592	1103856927
1148667044	1129009272	1103856927
1148666912	1129013754	1103856927
1148666928	1129013211	1103856927
1148666616	1129023805	1103856927
1148666664	1129022175	1103856927
1148667072	1129008321	1103856927
1148667032	1129009679	1103856927
1148667284	1129001123	1103856927
1148667544	1128992295	1103856927
1148666736	1129019730	1103851684
1148666976	1129011581	1103856927
